g
848.25
848.26
848.24
848.23
848.19
848.17
848.20
848.23
848.27
848.28
848.28
848.27
848.28
848.27
848.29
848.32
848.34
848.37
848.35
848.32
848.32
848.33
848.36
848.38
848.38
848.34
848.32
848.30
848.29
848.30
848.32
848.32
848.31
848.29
848.25
848.23
848.20
848.20
848.21
848.22
848.23
848.23
848.24
848.26
848.28
848.30
848.31
848.29
848.29
848.31
848.30
848.31
848.34
848.35
848.36
848.36
848.32
848.31
848.30
848.30
848.29
848.31
848.32
848.32
848.31
848.32
848.32
848.31
848.31
848.33
848.34
848.36
848.38
848.40
848.43
848.43
848.44
848.42
848.41
848.40
848.40
848.40
848.42
848.45
848.46
848.45
848.45
848.44
848.44
848.45
848.48
848.46
848.44
848.42
848.41
848.43
848.44
848.44
848.43
848.41
848.40
848.39
848.38
848.39
848.40
848.41
848.42
848.41
848.39
848.37
848.36
848.36
848.38
848.40
848.41
848.41
848.42
848.43
848.43
848.41
848.40
848.36
848.33
848.29
848.26
848.24
848.23
848.23
848.25
848.27
848.27
848.23
848.18
848.15
848.14
848.14
848.13
848.11
848.10
848.11
848.11
848.13
848.14
848.14
848.17
848.22
848.23
848.23
848.21
848.23
848.24
848.24
848.23
848.24
848.25
848.25
848.29
848.32
848.35
848.34
848.34
848.34
848.32
848.29
848.28
848.29
848.30
848.29
848.28
848.28
848.28
848.24
848.23
848.22
848.18
848.15
848.14
848.14
848.11
848.08
848.07
848.07
848.06
848.05
848.01
848.02
848.04
848.06
848.07
848.10
848.12
848.15
848.17
848.19
848.20
848.22
848.23
848.26
848.28
848.31
848.33
848.36
848.40
848.41
848.40
848.42
848.42
848.41
848.40
848.40
848.41
848.41
848.43
848.41
848.40
848.44
848.46
848.46
848.45
848.43
848.42
848.41
848.39
848.38
848.37
848.36
848.35
848.35
848.34
848.33
848.32
848.32
848.32
848.28
848.24
848.23
848.21
848.16
848.15
848.14
848.15
848.15
848.14
848.13
848.15
848.16
848.15
848.13
848.09
848.06
848.04
848.03
848.03
848.01
848.00
848.04
848.05
848.02
847.99
847.99
848.03
848.05
848.02
848.01
848.03
848.02
848.03
848.06
848.07
848.08
848.10
848.10
848.09
848.08
848.10
848.14
848.15
848.18
848.17
848.16
848.17
848.16
848.16
848.19
848.21
848.20
848.19
848.18
848.18
848.22
848.23
848.24
848.26
848.25
848.23
848.21
848.20
848.20
848.19
848.21
848.21
848.19
848.18
848.21
848.22
848.23
848.24
848.23
848.23
848.22
848.22
848.20
848.20
848.20
848.21
848.23
848.24
848.24
848.23
848.23
848.23
848.24
848.26
848.28
848.28
848.31
848.31
848.29
848.27
848.28
848.29
848.27
848.26
848.26
848.23
848.20
848.19
848.19
848.18
848.15
848.11
848.09
848.08
848.06
848.06
848.08
848.10
848.08
848.11
848.12
848.13
848.13
848.13
848.13
848.13
848.12
848.12
848.14
848.13
848.12
848.10
848.13
848.15
848.11
848.07
848.07
848.06
848.07
848.08
848.06
848.06
848.08
848.11
848.13
848.14
848.13
848.14
848.13
848.15
848.15
848.15
848.16
848.16
848.17
848.19
848.19
848.18
848.20
848.19
848.18
848.19
848.18
848.16
848.16
848.18
848.22
848.22
848.23
848.25
848.28
848.32
848.33
848.32
848.29
848.30
848.30
848.32
848.32
848.32
848.32
848.32
848.32
848.32
848.31
848.32
848.32
848.30
848.28
848.27
848.26
848.26
848.27
848.27
848.28
848.29
848.28
848.28
848.28
848.31
848.32
848.32
848.34
848.32
848.33
848.33
848.34
848.35
848.36
848.38
848.36
848.36
848.35
848.35
848.36
848.37
848.37
848.35
848.35
848.35
848.35
848.36
848.34
848.33
848.32
848.32
848.32
848.30
848.31
848.31
848.32
848.32
848.32
848.32
848.32
848.31
848.30
848.29
848.28
848.27
848.27
848.28
848.29
848.26
848.25
848.26
848.24
848.22
848.19
848.18
848.16
848.16
848.17
848.17
848.15
848.16
848.17
848.15
848.15
848.15
848.15
848.18
848.20
848.21
848.23
848.23
848.26
848.28
848.29
848.27
848.26
848.28
848.29
848.29
848.25
848.25
848.23
848.22
848.22
848.21
848.20
848.16
848.15
848.16
848.15
848.10
848.07
848.09
848.11
848.11
848.08
848.07
848.09
848.11
848.16
848.20
848.21
848.22
848.23
848.25
848.26
848.27
848.32
848.32
848.07
846.29
844.37
844.39
844.95
849.51
854.24
852.33
849.54
841.31
844.13
850.19
857.58
856.16
845.57
837.36
840.61
849.15
858.10
858.77
849.37
841.03
840.29
842.44
844.54
843.70
842.70
843.71
845.22
845.12
844.15
842.28
841.85
843.31
844.77
844.77
844.13
840.66
840.33
844.41
849.08
851.28
838.48
827.26
835.87
853.52
858.18
841.46
820.84
823.12
847.07
861.21
845.44
824.10
820.76
839.21
855.10
843.48
824.19
824.22
842.27
849.48
837.18
825.16
830.42
841.61
839.89
833.31
835.19
834.58
828.24
829.10
838.23
835.15
818.62
819.56
838.29
841.05
815.89
806.16
829.84
844.36
818.11
796.97
822.46
844.79
819.55
794.27
817.18
843.89
821.35
790.70
812.80
842.43
818.19
786.20
810.41
840.19
814.05
784.21
809.87
836.77
809.38
783.36
809.67
833.64
807.09
784.29
810.88
832.60
803.19
785.15
817.05
833.13
799.79
788.07
823.87
832.70
797.05
792.28
829.78
831.30
795.03
797.39
835.15
829.42
793.62
802.62
838.81
826.57
792.63
807.55
840.82
822.70
791.92
812.86
841.67
818.27
791.67
817.31
842.92
816.32
792.52
821.36
842.41
811.45
792.62
825.37
840.94
806.84
793.18
828.97
838.87
802.62
795.04
832.65
836.45
799.42
797.77
836.22
834.47
797.48
801.58
839.49
832.05
795.83
805.63
842.05
829.06
794.43
809.60
843.40
825.13
793.33
813.88
844.47
821.44
793.17
818.22
845.39
819.74
794.60
822.23
846.18
816.55
794.98
826.52
846.09
813.46
796.25
830.85
845.82
810.40
797.45
834.60
844.61
807.27
799.15
838.02
844.08
805.48
799.56
835.73
846.69
812.31
797.45
831.46
846.26
819.17
800.58
827.25
843.64
825.86
809.84
824.37
838.16
831.81
824.44
825.02
832.81
832.32
826.62
825.11
833.11
835.13
831.50
826.15
829.12
835.00
833.20
828.22
827.01
833.96
834.88
830.52
825.42
830.93
836.32
833.29
827.31
827.71
835.86
835.48
829.67
825.27
832.74
836.96
832.65
824.78
826.67
836.79
834.88
826.71
823.87
835.05
836.97
830.81
822.58
828.87
838.41
834.35
823.73
823.69
838.67
838.36
826.23
818.38
835.49
841.25
829.48
815.21
827.63
844.22
834.03
813.72
817.00
843.08
839.26
817.17
810.08
836.93
843.15
824.00
810.94
826.47
841.39
832.98
822.41
827.61
837.24
832.67
832.49
845.31
855.26
841.57
832.36
844.23
861.13
852.22
838.33
843.28
855.51
858.34
848.07
840.77
850.00
852.92
850.86
845.85
845.28
847.90
848.32
848.59
848.26
848.04
847.92
848.38
848.57
848.32
848.08
847.94
847.90
848.14
848.25
848.29
848.18
848.12
848.07
848.12
848.19
848.24
848.19
848.11
848.02
848.03
848.07
848.07
848.09
848.06
848.01
847.99
847.99
847.98
847.98
847.96
847.98
847.97
847.97
847.98
847.99
847.99
848.00
848.01
848.00
847.99
847.99
848.01
848.05
848.08
848.12
848.12
848.13
848.11
848.09
848.10
848.11
848.10
848.10
848.10
848.11
848.08
848.06
848.03
847.99
847.95
847.93
847.92
847.91
847.91
847.91
847.92
847.95
847.93
847.92
847.94
847.95
847.95
847.97
847.98
847.99
847.99
848.00
848.03
848.03
848.00
847.99
848.01
848.02
848.01
848.01
848.03
848.05
848.06
848.10
848.09
848.06
848.07
848.09
848.10
848.12
848.12
848.13
848.15
848.16
848.16
848.17
848.19
848.20
848.19
848.18
848.17
848.15
848.18
848.18
848.17
848.17
848.16
848.15
848.15
848.14
848.13
848.15
848.14
848.13
848.13
848.12
848.12
848.11
848.10
848.09
848.07
848.07
848.07
848.06
848.05
848.07
848.08
848.11
848.10
848.05
848.04
848.04
848.03
848.03
848.04
848.06
848.08
848.08
848.07
848.06
848.08
848.11
848.12
848.10
848.09
848.07
848.06
848.08
848.08
848.07
848.07
848.03
848.00
847.98
847.97
847.99
847.99
848.00
847.97
847.98
848.00
848.02
848.01
847.99
848.00
847.99
847.99
847.97
847.98
847.99
847.99
847.99
847.99
847.99
847.98
847.97
847.98
847.94
847.91
847.90
847.90
847.93
847.96
847.98
847.99
847.99
847.99
847.99
848.03
848.04
848.05
848.03
848.04
848.06
848.07
848.10
848.13
848.12
848.12
848.09
848.06
848.04
848.02
848.00
848.00
848.01
848.00
847.99
847.97
847.97
847.99
848.04
848.07
848.07
848.07
848.08
848.10
848.12
848.15
848.16
848.19
848.21
848.23
848.22
848.23
848.24
848.26
848.28
848.27
848.25
848.23
848.23
848.24
848.27
848.29
848.31
848.31
848.30
848.27
848.29
848.32
848.33
848.35
848.34
848.32
848.31
848.29
848.29
848.31
848.32
848.30
848.25
848.23
848.22
848.22
848.23
848.25
848.24
848.23
848.23
848.24
848.27
848.29
848.29
848.29
848.30
848.30
848.31
848.33
848.37
848.40
848.42
848.44
848.45
848.47
848.48
848.51
848.55
848.55
848.55
848.56
848.57
848.57
848.56
848.56
848.55
848.54
848.53
848.51
848.47
848.47
848.45
848.45
848.46
848.44
848.41
848.40
848.38
848.34
848.32
848.31
848.31
848.32
848.31
848.28
848.29
848.30
848.30
848.27
848.25
848.24
848.23
848.22
