g
850.16
850.13
850.12
850.12
850.13
850.17
850.19
850.21
850.20
850.19
850.15
850.12
850.12
850.11
850.12
850.12
850.10
850.07
850.08
850.10
850.10
850.10
850.09
850.10
850.10
850.08
850.10
850.12
850.12
850.13
850.15
850.17
850.16
850.14
850.17
850.20
850.20
850.22
850.25
850.26
850.28
850.28
850.28
850.30
850.30
850.32
850.36
850.38
850.40
850.41
850.41
850.42
850.42
850.41
850.40
850.39
850.38
850.40
850.38
850.35
850.34
850.31
850.29
850.27
850.23
850.21
850.18
850.15
850.16
850.14
850.12
850.12
850.12
850.12
850.10
850.07
850.07
850.12
850.13
850.13
850.15
850.19
850.32
851.34
851.33
849.90
847.39
845.74
846.06
847.64
849.07
849.99
850.95
852.13
852.92
853.92
855.25
856.05
853.09
848.54
842.55
843.36
848.43
856.54
861.73
860.34
851.92
843.16
842.12
846.56
851.36
854.02
852.65
844.63
835.00
831.67
840.96
854.79
863.70
861.61
851.17
837.70
829.70
835.52
849.59
861.50
864.21
856.72
843.31
831.82
831.81
844.79
861.53
856.50
842.88
838.72
846.31
841.24
825.56
834.35
857.11
851.68
825.20
817.95
829.38
836.58
828.21
822.76
832.09
835.72
820.93
810.08
826.01
838.75
828.39
818.27
823.99
833.02
831.21
829.37
829.37
829.98
829.98
829.53
829.42
831.04
833.76
833.27
827.22
827.39
835.12
835.40
828.70
824.33
832.06
836.65
832.60
824.52
826.88
836.02
835.12
826.92
824.82
833.83
836.94
830.47
822.71
828.99
837.51
834.19
824.64
824.91
835.48
836.75
828.20
822.00
831.26
837.90
832.28
822.29
825.57
836.73
835.19
825.07
822.81
834.12
837.21
828.90
819.69
828.26
838.35
832.82
820.58
822.73
836.55
836.21
825.14
819.53
831.80
838.04
830.43
819.24
825.52
837.82
834.64
822.58
822.62
835.80
836.92
827.72
821.25
831.17
837.61
832.64
822.82
824.94
836.36
835.49
824.85
822.49
834.78
837.89
830.31
822.36
829.54
837.72
834.13
824.70
825.28
835.82
837.08
828.34
821.93
832.07
838.54
832.16
821.96
826.79
837.33
835.31
824.71
822.65
834.36
837.05
828.91
819.92
828.35
837.66
832.97
821.00
822.82
836.09
835.63
825.10
821.08
832.18
837.02
830.59
821.14
826.51
837.53
835.19
822.60
822.24
835.99
837.58
827.07
819.53
831.01
838.89
832.12
820.34
825.37
838.52
836.98
823.96
820.40
835.34
838.72
829.53
821.16
829.42
838.91
833.66
822.07
823.82
837.74
836.42
825.28
820.51
834.02
839.08
828.37
815.39
826.41
840.78
833.77
814.63
817.97
840.54
838.74
818.96
811.50
836.27
842.53
824.92
808.20
829.19
846.18
831.22
808.55
821.92
846.59
837.08
811.85
815.30
844.25
842.31
816.45
810.01
840.05
846.40
823.98
807.78
833.10
847.61
829.04
807.60
827.15
849.54
834.82
808.80
820.27
848.62
839.79
811.72
814.58
845.46
843.78
815.35
807.88
841.08
847.15
819.36
804.05
834.49
848.14
823.96
802.75
828.85
849.56
830.26
804.98
824.34
850.31
835.34
805.53
817.57
849.21
839.55
808.54
813.00
846.57
842.74
812.23
807.33
841.32
845.43
816.38
803.85
835.84
847.67
822.26
803.38
830.21
848.17
827.25
804.08
826.29
850.30
833.65
806.05
821.00
850.62
839.49
809.76
816.08
848.81
844.75
814.76
812.00
844.09
849.31
827.93
824.56
841.33
840.56
826.23
828.26
848.89
852.42
837.67
835.27
852.29
860.37
847.25
839.17
849.92
855.80
841.51
838.30
845.78
851.95
855.92
855.40
854.62
854.49
852.96
850.17
849.20
848.45
848.01
847.81
848.34
849.35
850.70
852.87
854.67
855.80
854.74
853.41
852.19
851.19
850.18
850.18
850.38
850.42
850.39
850.40
850.41
850.42
850.44
850.46
850.46
850.49
850.52
850.53
850.55
850.55
850.54
850.53
850.50
850.48
850.50
850.53
850.56
850.57
850.55
850.53
850.55
850.53
850.49
850.45
850.42
850.41
850.40
850.38
850.39
850.40
850.42
850.42
850.39
850.36
850.31
850.30
850.30
850.32
850.31
850.30
850.32
850.33
850.35
850.33
850.33
850.34
850.35
850.33
850.31
850.29
850.29
850.31
850.34
850.33
850.33
850.31
850.29
850.27
850.26
850.26
850.25
850.26
850.27
850.27
850.26
850.27
850.27
850.27
850.28
850.28
850.28
850.30
850.35
850.38
850.43
850.45
850.47
850.47
850.47
850.47
850.47
850.47
850.47
850.48
850.49
850.51
850.51
850.52
