g
850.75
850.74
850.73
850.77
850.78
850.79
850.78
850.76
850.73
850.73
850.75
850.76
850.76
850.76
850.77
850.79
850.81
850.81
850.80
850.82
850.80
850.77
850.75
850.73
850.72
850.73
850.75
850.77
850.77
850.77
850.77
850.78
850.79
850.78
850.78
850.78
850.77
850.76
850.78
850.80
850.82
850.84
850.86
850.86
850.86
850.85
850.85
850.86
850.86
850.86
850.86
850.86
850.86
850.86
850.86
850.86
850.84
850.83
850.84
850.81
850.80
850.78
850.78
850.79
850.79
850.78
850.78
850.78
850.78
850.79
850.78
850.79
850.79
850.81
850.85
850.84
850.82
850.82
850.84
850.86
850.86
850.83
850.80
850.78
850.78
850.78
850.77
850.75
850.71
850.68
850.67
850.68
850.67
850.67
850.69
850.69
850.69
850.69
850.69
850.73
850.76
850.78
850.78
850.78
850.75
850.75
850.78
850.79
850.81
850.80
850.79
850.80
850.80
850.81
850.82
850.84
850.86
850.86
850.85
850.82
850.80
850.83
850.88
850.88
850.87
850.89
850.86
850.84
850.82
850.81
850.82
850.82
850.80
850.79
850.76
850.75
850.75
850.77
850.80
850.81
850.79
850.78
850.79
850.79
850.84
850.86
850.89
850.91
850.91
850.92
850.92
850.90
850.90
850.90
850.90
850.90
850.88
850.86
850.86
850.86
850.86
850.85
850.83
850.80
850.77
850.73
850.72
850.72
850.72
850.72
850.73
850.73
850.75
850.75
850.76
850.75
850.73
850.73
850.72
850.71
850.73
850.77
850.79
850.79
850.78
850.75
850.70
850.69
850.69
850.70
850.69
850.69
850.68
850.69
850.70
850.73
850.76
850.78
850.77
850.76
850.76
850.78
850.82
850.84
850.84
850.85
850.85
850.83
850.82
850.83
850.85
850.83
850.80
850.78
850.76
850.75
850.74
850.72
850.72
850.72
850.71
850.72
850.74
850.73
850.74
850.75
850.74
850.73
850.73
850.75
850.76
850.77
850.76
850.74
850.73
850.73
850.72
850.72
850.73
850.72
850.70
850.69
850.69
850.69
850.69
850.70
850.70
850.70
850.70
850.70
850.71
850.74
850.78
850.80
850.79
850.76
850.74
850.71
850.72
850.74
850.75
850.74
850.71
850.70
850.69
850.66
850.63
850.63
850.65
850.62
850.62
850.62
850.65
850.69
850.69
850.68
850.68
850.68
850.67
850.66
850.67
850.67
850.67
850.70
850.74
850.75
850.75
850.75
850.72
850.69
850.69
850.71
850.74
850.77
850.79
850.79
850.78
850.80
850.82
850.82
850.84
850.83
850.80
850.78
850.77
850.75
850.77
850.79
850.79
850.77
850.77
850.77
850.76
850.76
850.78
850.80
850.81
850.80
850.80
850.82
850.86
850.86
850.88
850.91
850.92
850.90
850.89
850.90
850.90
850.90
850.92
850.89
850.87
850.84
850.83
850.84
850.81
850.78
850.76
850.74
850.71
850.70
850.69
850.71
850.74
850.72
850.73
850.72
850.72
850.75
850.77
850.79
850.80
850.78
850.78
850.77
850.77
850.78
850.78
850.78
850.79
850.78
850.78
850.81
850.83
850.84
850.84
850.85
850.87
850.86
850.86
850.91
850.94
850.95
850.97
850.98
850.98
850.97
850.94
850.94
850.95
850.95
850.95
850.95
850.96
850.94
850.91
850.89
850.90
850.90
850.91
850.90
850.89
850.86
850.85
850.86
850.87
850.88
850.87
850.85
850.83
850.80
850.78
850.78
850.79
850.81
850.79
850.78
850.78
850.78
850.78
850.79
850.80
850.82
850.79
850.77
850.72
850.71
850.72
850.71
850.71
850.72
850.74
850.74
850.75
850.74
850.73
850.76
850.78
850.78
850.78
850.74
850.75
850.78
850.78
850.77
850.76
850.77
850.78
850.77
850.75
850.73
850.68
850.66
850.69
850.68
850.64
850.65
850.65
850.65
850.63
850.65
850.68
850.70
850.69
850.68
850.64
850.60
850.59
850.62
850.63
850.65
850.65
850.65
850.67
850.69
850.69
850.69
850.67
850.66
850.65
850.64
850.69
850.71
850.73
850.76
850.75
850.74
850.77
850.78
850.78
850.77
850.77
850.76
850.76
850.77
850.79
850.78
850.78
850.78
850.76
850.74
850.73
850.76
850.79
850.80
850.78
850.76
850.77
850.77
850.75
850.75
850.76
850.76
850.75
850.74
850.74
850.77
850.78
850.79
850.78
850.74
850.70
850.70
850.73
850.77
850.75
850.74
850.75
850.74
850.75
850.78
850.79
850.81
850.80
850.77
850.75
850.76
850.79
850.83
850.86
850.86
850.84
850.84
850.86
852.25
852.23
850.99
848.97
844.51
845.93
847.75
852.29
855.51
855.38
850.49
845.54
840.69
842.21
847.68
853.08
856.66
853.98
845.53
838.92
838.74
849.78
865.22
854.59
838.30
835.77
843.93
845.29
833.39
834.73
852.87
862.08
843.46
823.58
826.34
843.07
846.61
837.82
837.32
841.65
836.94
829.64
836.14
847.74
844.01
826.04
827.77
844.05
842.85
828.81
824.34
834.57
841.62
834.07
826.24
826.43
834.38
834.28
828.93
828.48
829.91
829.91
828.16
835.52
831.87
826.68
828.21
831.83
831.83
828.81
830.05
830.79
830.11
830.55
833.79
833.96
829.22
828.32
836.98
838.15
833.09
826.30
832.68
841.15
836.75
826.83
827.25
840.90
840.11
830.82
823.44
836.18
842.47
834.73
822.54
828.56
842.62
838.21
822.97
820.78
840.69
841.49
827.56
817.66
836.13
844.87
833.12
814.59
826.16
845.32
837.90
818.01
818.15
843.44
842.09
822.86
813.75
838.32
845.43
829.81
813.11
830.84
846.43
834.46
813.90
823.48
846.57
840.12
817.86
816.33
843.27
844.23
824.20
813.00
838.28
846.95
829.56
811.07
830.18
848.72
835.74
813.34
822.73
847.80
841.04
817.42
816.68
844.55
845.15
821.46
811.10
839.21
847.82
827.15
809.06
832.60
849.63
833.17
809.52
824.24
849.20
838.87
812.63
816.35
846.48
843.62
816.66
811.49
842.27
846.38
820.86
807.76
836.24
848.23
826.83
806.79
829.71
849.79
832.20
805.91
821.02
848.58
835.89
806.01
813.58
846.19
840.28
809.91
809.00
842.63
844.53
814.94
804.30
837.56
847.94
821.13
803.28
831.67
849.43
826.65
804.17
827.73
851.60
832.98
805.71
822.42
850.90
838.22
808.02
816.28
849.30
843.34
812.27
811.85
846.70
847.70
816.92
807.83
842.39
851.11
821.46
805.75
836.78
852.12
826.07
803.82
830.43
852.74
832.44
806.24
826.05
852.87
835.92
805.44
819.36
851.92
840.32
807.89
814.89
849.52
844.24
811.21
810.28
846.61
847.99
815.20
806.33
842.46
851.52
819.47
804.85
837.90
852.09
822.90
802.65
832.01
851.91
826.01
801.47
828.67
853.88
830.18
802.23
825.16
853.65
834.12
803.35
820.15
852.12
837.98
804.23
814.70
849.72
841.11
806.55
810.72
847.71
844.26
809.85
809.49
845.76
847.00
813.64
805.78
841.67
849.65
818.22
803.63
837.13
851.01
820.92
801.28
831.05
850.44
824.17
800.27
827.22
851.39
829.05
802.09
823.54
851.45
834.11
803.35
817.43
849.96
837.74
804.27
813.09
848.28
840.68
806.08
809.20
846.28
843.41
808.71
806.02
842.99
846.97
812.77
802.71
838.69
849.60
817.28
800.69
833.99
850.70
820.86
799.68
829.42
850.57
823.47
799.21
827.10
852.06
828.35
800.80
824.78
852.78
831.79
800.98
819.89
851.92
835.26
801.58
815.28
850.55
838.67
803.18
811.98
848.71
841.90
805.69
808.72
846.60
843.73
807.53
806.58
844.68
846.37
810.40
804.50
841.81
848.42
814.02
802.41
837.92
850.12
817.93
800.58
833.62
851.23
820.89
799.89
830.23
850.85
823.47
799.02
827.50
851.80
827.59
800.60
825.65
853.32
830.34
800.31
821.40
852.53
834.01
801.36
818.17
851.68
836.97
802.59
815.47
851.27
839.49
803.79
814.08
850.75
841.17
804.72
812.62
849.96
843.68
806.93
810.63
848.70
845.39
807.62
809.03
847.63
846.69
808.99
807.99
846.35
847.85
810.66
807.40
845.42
848.53
811.19
805.52
843.66
848.81
811.28
805.07
842.90
848.31
811.04
804.33
841.92
848.21
811.17
803.17
840.57
849.55
812.92
803.08
840.48
851.13
814.94
803.69
840.37
851.49
814.96
803.29
839.96
851.26
815.20
803.20
839.54
850.94
815.13
802.05
837.94
851.51
816.30
801.13
836.42
851.43
816.89
800.69
835.34
851.43
817.30
799.34
833.47
851.94
819.20
799.45
831.97
851.47
820.58
798.69
830.13
851.23
820.84
798.21
828.96
852.07
823.14
798.17
827.80
853.07
825.94
799.36
826.89
854.59
830.32
802.04
824.84
854.04
833.94
804.69
823.22
853.80
837.37
805.33
819.57
852.89
840.70
811.75
818.38
849.24
849.56
826.69
823.44
845.09
851.93
841.93
833.70
844.25
849.92
847.85
847.28
848.87
843.70
835.03
836.61
850.94
856.71
843.99
832.65
842.12
856.12
853.06
838.89
834.09
848.93
858.70
849.28
843.07
846.82
851.43
852.12
850.24
849.91
850.54
850.55
850.39
850.38
850.42
850.47
850.47
850.50
850.50
850.49
850.52
850.56
850.58
850.57
850.56
850.57
850.57
850.57
850.60
850.60
850.60
850.59
850.55
850.53
850.51
850.53
850.56
850.59
850.59
850.58
850.58
850.59
850.59
850.62
850.65
850.66
850.67
850.71
850.75
850.76
850.76
850.77
850.76
850.74
850.73
850.73
850.72
850.70
850.66
850.63
850.66
850.63
850.61
850.61
850.61
850.60
850.58
850.60
850.61
850.61
850.62
850.62
850.60
850.59
850.59
850.58
850.61
850.65
850.66
850.66
850.64
850.63
850.63
850.63
850.62
850.63
850.62
850.61
850.61
850.59
850.61
850.61
850.61
850.63
850.64
850.65
850.66
850.69
850.71
850.70
850.72
850.73
850.73
850.73
850.72
850.70
850.73
850.76
850.76
850.78
850.78
850.75
850.73
850.72
850.72
850.73
850.69
850.69
850.67
850.66
850.64
850.63
850.61
850.64
850.65
850.63
850.64
850.64
850.66
850.68
850.67
850.64
850.61
850.61
850.62
850.65
850.66
850.65
850.66
850.68
850.70
850.69
850.70
850.69
850.68
850.68
850.68
850.69
850.69
850.69
850.69
850.67
850.68
850.67
850.66
850.67
850.66
850.65
850.65
850.66
850.63
850.63
850.62
850.59
850.57
850.56
850.53
850.53
850.53
850.55
850.53
850.53
850.53
850.51
850.51
850.48
850.47
850.47
850.47
850.49
850.53
850.53
850.54
850.56
850.58
850.59
850.60
850.61
850.63
850.61
850.61
850.61
850.63
850.64
850.66
850.65
850.66
850.67
850.64
850.64
850.63
850.61
850.60
850.62
850.64
850.64
850.64
850.67
850.69
850.69
850.69
850.69
850.67
850.67
850.67
850.66
850.67
850.66
850.65
850.68
850.70
850.70
850.68
850.68
850.67
850.64
850.65
850.66
850.67
850.66
850.66
850.64
850.66
850.69
850.71
850.73
850.74
850.73
850.71
850.69
850.70
850.71
850.70
850.70
850.68
850.65
850.68
850.70
850.72
850.75
850.73
850.71
850.70
850.72
850.73
850.71
850.68
850.70
850.69
850.69
850.69
850.70
850.74
850.78
850.78
850.76
850.75
850.74
850.72
850.69
850.66
850.64
850.63
850.66
850.70
850.70
850.69
850.69
850.70
850.71
850.73
850.72
850.68
850.66
850.66
850.66
850.69
850.70
850.69
850.69
850.66
850.64
850.64
850.65
850.66
850.66
850.64
850.64
850.63
850.64
850.68
850.69
850.66
850.65
850.63
850.65
850.69
850.69
850.72
