g
851.04
851.07
851.11
851.14
851.17
851.18
851.16
851.11
851.09
851.10
851.10
851.10
851.10
851.08
851.09
851.09
851.08
851.04
851.01
850.97
850.96
850.95
850.95
850.94
850.93
850.94
850.93
850.88
850.86
850.87
850.92
850.94
850.95
850.95
850.94
850.93
850.96
850.99
850.99
850.98
850.97
850.96
850.98
850.97
850.95
850.98
851.01
851.01
850.99
850.98
850.98
850.98
850.98
850.99
850.96
850.94
850.94
850.93
850.91
850.90
850.89
850.90
850.90
850.90
850.91
850.89
850.90
850.90
850.91
850.93
850.95
850.99
851.02
851.02
850.99
850.97
850.97
850.97
850.96
850.95
851.00
851.32
851.27
851.08
849.85
844.83
846.75
852.39
851.72
842.87
835.48
849.47
857.71
846.20
829.19
836.19
849.49
844.81
825.41
822.21
837.62
840.41
828.28
828.37
836.36
828.63
815.82
820.35
837.99
834.75
817.52
811.37
833.99
840.05
822.19
808.31
827.19
842.87
827.65
807.53
820.45
843.64
832.24
806.54
812.63
841.67
836.42
807.74
807.18
838.43
839.10
809.12
803.08
835.16
841.59
810.37
799.93
831.21
843.15
812.41
797.50
828.52
843.53
813.39
796.27
826.31
844.00
814.19
795.21
824.28
843.45
815.38
794.95
822.85
843.97
816.72
793.76
820.80
844.22
817.63
794.16
820.27
844.22
819.66
795.24
820.14
845.12
821.68
796.31
818.74
844.94
823.71
796.14
816.82
845.28
825.01
795.93
815.27
844.82
825.73
795.30
813.07
843.84
826.99
795.42
811.00
842.82
827.57
794.75
808.48
841.44
827.98
794.55
807.13
840.51
828.90
794.89
806.16
840.18
830.10
795.91
804.81
839.68
832.98
798.26
804.32
839.55
836.42
810.59
812.09
833.20
832.58
819.04
825.00
845.20
843.30
827.71
832.55
852.75
852.18
836.94
839.23
850.29
852.09
849.67
848.77
853.28
854.40
854.48
854.48
857.98
856.83
845.68
847.95
858.18
858.85
839.95
832.05
846.48
854.22
839.73
824.50
834.67
848.05
841.16
821.84
823.49
834.41
822.71
813.96
829.74
843.38
830.74
811.74
821.58
844.14
836.03
811.92
814.26
841.69
841.47
814.29
807.03
836.08
844.83
816.09
800.89
827.73
843.57
816.90
796.29
822.40
843.13
818.04
794.35
820.34
843.87
818.63
792.02
815.82
842.31
818.54
790.88
814.28
841.43
817.09
790.71
814.45
840.72
815.76
790.77
815.45
840.23
813.97
789.99
815.83
839.84
813.06
789.92
814.91
839.60
824.37
810.30
824.93
839.87
828.53
819.22
835.80
848.89
836.34
828.26
845.09
857.77
846.57
839.19
850.94
855.48
846.90
846.30
849.93
850.86
851.17
850.79
850.50
850.61
850.47
850.54
850.61
850.51
850.54
850.53
850.56
850.54
850.55
850.54
850.53
850.53
850.53
850.53
850.50
850.31
848.45
846.80
846.83
847.47
854.97
852.18
842.46
844.74
857.38
853.68
833.85
833.64
849.06
846.07
826.12
826.26
841.88
838.82
821.59
825.73
840.37
825.91
793.34
806.96
842.05
833.04
797.71
805.09
840.32
832.68
797.45
805.21
839.92
832.08
797.14
807.04
841.68
830.95
796.51
808.45
842.87
830.68
795.92
808.27
842.20
828.48
795.32
810.02
843.53
827.84
794.61
810.63
842.93
824.83
793.53
811.92
842.49
822.59
793.35
812.99
841.69
820.58
792.63
811.71
841.29
827.98
800.15
810.02
839.59
838.41
813.29
815.26
835.80
838.83
827.28
827.37
836.34
835.40
837.38
845.15
845.28
835.53
836.78
848.07
859.72
858.69
844.65
837.69
850.19
861.14
856.56
844.15
844.22
858.25
864.54
854.22
842.12
849.39
852.62
853.40
848.64
848.21
850.31
851.19
851.42
851.30
851.16
851.22
851.15
851.16
851.18
851.17
851.10
851.10
851.63
851.63
850.33
847.35
845.31
846.58
853.67
848.26
835.68
848.00
859.39
846.67
831.33
839.88
851.47
839.60
823.11
830.00
841.57
832.99
817.72
830.28
845.08
820.73
796.22
821.65
847.07
826.55
796.93
813.92
842.35
827.96
797.60
811.00
841.83
831.34
799.06
808.69
841.83
832.53
800.17
809.36
841.30
836.02
803.72
805.59
839.13
838.09
804.73
802.77
836.75
840.30
806.91
800.53
834.13
840.45
808.03
799.45
831.45
842.17
811.91
796.51
827.53
843.41
814.00
795.94
825.70
844.07
815.65
794.95
823.36
843.72
816.68
795.13
821.74
843.11
816.85
793.23
819.52
844.04
818.84
793.69
819.03
844.82
819.81
793.41
818.56
844.93
819.96
793.80
818.91
845.13
819.55
793.46
818.77
844.01
818.33
792.38
817.55
843.60
817.97
792.38
817.81
842.91
816.67
791.75
817.67
842.31
815.68
790.74
817.41
842.06
814.92
791.15
818.27
842.09
814.43
790.92
818.62
840.85
812.29
791.08
820.09
840.86
811.00
791.15
820.85
839.63
809.23
792.41
823.30
838.98
806.70
792.94
825.41
837.81
804.08
794.81
828.59
837.20
802.72
796.95
830.52
835.06
800.25
799.39
833.84
833.35
798.35
802.07
836.63
831.09
796.73
805.47
838.67
827.55
795.50
808.39
839.64
824.08
794.08
811.40
840.15
820.17
792.47
813.31
839.64
816.55
791.99
815.10
839.38
814.11
791.01
817.30
838.11
809.81
791.32
820.65
837.72
806.49
792.08
823.72
838.18
805.34
793.17
825.99
837.41
803.74
794.42
828.60
837.14
802.53
797.62
833.09
838.00
803.65
800.49
835.52
842.46
807.88
801.56
837.38
843.37
807.92
803.39
838.25
843.83
812.44
806.71
829.36
833.33
817.51
820.22
839.34
840.75
825.81
823.89
843.20
848.73
833.88
832.24
847.96
852.91
849.79
846.68
854.43
854.61
851.60
851.36
851.43
851.33
851.23
851.23
851.25
851.27
851.20
851.14
851.11
851.10
851.09
851.10
851.10
851.11
851.12
851.11
851.09
851.06
851.02
851.01
851.00
851.00
850.99
850.94
850.94
850.95
850.96
850.95
850.94
850.94
850.94
850.94
850.91
850.87
850.89
850.92
850.95
850.95
850.95
850.97
850.98
850.98
850.99
850.98
850.97
850.97
850.94
850.92
850.88
850.85
850.86
850.88
850.87
850.87
850.87
850.85
850.84
850.80
850.78
850.80
850.83
850.82
850.80
850.79
850.80
850.83
850.84
850.85
850.86
850.86
850.88
850.89
850.90
850.93
850.94
850.95
850.97
850.98
850.98
850.98
850.98
850.98
851.00
850.99
850.99
850.97
850.96
850.95
850.94
850.93
850.90
850.87
850.85
850.85
850.85
850.83
850.81
850.83
850.83
850.80
850.78
850.78
850.78
850.78
850.80
850.78
850.78
850.75
850.74
850.74
850.75
850.72
850.69
850.67
850.66
850.65
850.69
850.73
850.77
850.77
850.77
850.76
850.77
850.78
850.80
850.82
850.84
850.86
850.86
850.87
850.90
850.93
850.94
850.94
850.94
850.94
850.91
850.87
850.87
850.89
850.89
850.91
850.92
850.94
850.94
850.94
850.95
850.94
850.93
850.91
850.93
850.94
850.92
850.91
850.93
850.94
850.95
850.94
850.90
850.87
850.84
850.79
850.77
850.75
850.74
850.75
850.77
850.76
850.71
850.69
850.70
850.70
850.71
850.71
850.72
850.72
850.75
850.75
850.78
850.79
850.83
850.88
850.92
850.92
850.90
850.92
850.92
850.94
850.94
850.96
850.98
851.00
851.01
851.03
851.03
851.04
851.03
851.03
851.02
850.98
850.96
850.98
850.99
851.00
851.01
851.01
851.02
851.04
851.02
850.99
850.97
850.93
850.90
850.89
850.88
850.88
850.87
850.85
850.82
850.81
850.84
850.84
850.85
850.85
850.83
850.81
850.83
850.85
850.86
850.88
850.86
850.86
850.85
850.85
850.85
850.86
850.86
850.84
850.82
850.83
850.82
850.83
850.82
850.81
850.79
850.77
850.78
850.80
850.85
850.88
850.90
850.90
850.89
850.88
850.88
850.90
